< ---------------------------- PROBLEMA ---------------------------- >
Instancia...........................................: MA
Reduzida............................................: NAO
Limite de contadores instalados.....................: 121 (30% arestas sem reducao)
Limite de faixas cobertas...........................: 254 (30% faixas sem reducao)
Numero de nos.......................................: 308
Numero de arestas...................................: 405
Numero de arestas virtuais..........................: 0
Numero total de arestas (sem redução)...............: 405
Numero total de faixas (sem redução)................: 848
Numero de nos que definem os pares..................: 163
Numero total de pares...............................: 13203

< --------------------------- PARAMETROS --------------------------- >
Numero de clusters..................................: 5
Limite maximo de volume dos clusters................: 3
Limite maximo de ineficacia dos clusters............: 2
Temperatura inicial.................................: 2.00
Temperatura de congelamento.........................: 0.010
Taxa de resfriamento................................: 0.975
N. maximo de iteracoes..............................: 1
Tempo maximo de processamento.......................: 120.00 segundos!

< --------------------------- RESULTADOS --------------------------- >
Custo da solucao inicial............................: 12973
Custo da solucao final..............................: 13054
Numero de solucoes avaliadas........................: 4288482
Tempo para encontrar a melhor solucao (BST).........: 93.14 segundos!
Tempo de execucao do metodo.........................: 120.00 segundos!

< ---------------------------- SOLUCAO ----------------------------- >
Numero de postos de contagem instalados.............: 121 (max = 121)
Numero de faixas cobertas...........................: 246 (max = 254)
Numero de pares OD cobertos (FO)....................: 13054

Vetor solucao: [ 1 0 0 0 1 0 0 0 0 0 0 0 0 0 0 0 0 1 0 0 1 1 0 0 1 0 0 0 1 0 0 0 0 1 0 0 0 1 0 1 0 1 0 0 0 1 0 1 0 0 1 0 0 1 1 0 0 1 1 0 0 1 1 0 0 0 1 1 1 0 0 0 1 1 1 0 0 1 0 1 1 0 1 0 1 0 0 1 1 1 0 0 1 0 0 0 0 0 0 0 0 0 0 0 0 0 0 0 0 0 1 0 1 0 0 1 0 0 0 0 1 1 1 0 0 0 1 0 1 0 0 0 0 1 0 1 0 0 1 1 0 0 1 1 0 0 1 0 0 0 0 0 1 0 0 0 1 1 0 1 0 0 1 1 1 0 1 0 1 0 0 1 0 1 0 1 0 0 1 0 1 0 0 1 1 1 0 1 1 0 0 0 0 0 0 1 0 0 0 0 1 0 1 0 1 0 1 1 0 0 0 0 1 0 1 0 1 1 0 0 0 0 1 0 1 0 0 0 0 0 0 0 1 0 0 1 0 0 0 0 0 1 1 1 1 0 0 1 0 1 0 0 0 0 0 0 1 0 0 0 0 1 0 0 1 0 0 0 1 0 0 1 0 0 0 0 0 1 0 0 0 0 0 1 0 0 0 0 0 0 0 0 0 0 1 0 0 0 1 1 1 0 1 0 0 0 0 1 0 1 0 0 0 1 0 0 1 1 0 1 1 0 0 0 0 0 0 0 0 0 0 0 0 0 0 1 0 1 0 1 0 0 1 0 0 0 0 0 0 0 0 1 0 0 0 0 0 1 0 0 0 0 0 0 0 0 0 0 0 0 0 1 0 0 0 0 0 0 0 1 0 0 0 0 0 0 0 1 0 0 1 0 0 0 0 0 1 1 0 0 0 0 0 1 0 ]

-----------------------
>>> ARESTAS PARA INSTALACAO DOS POSTOS DE CONTAGEM:
2293 (1)
15985 (1)
16627 (1)
16735 (1)
16787 (1)
16829 (1)
16876 (1)
16917 (1)
16993 (1)
17049 (1)
17119 (1)
17130 (1)
17225 (1)
17245 (1)
17350 (1)
17351 (1)
17379 (1)
17385 (1)
17396 (1)
17436 (1)
17481 (1)
17482 (1)
17544 (1)
17590 (1)
17603 (1)
17604 (1)
17641 (1)
17648 (1)
17653 (1)
17656 (1)
17693 (1)
17725 (1)
17726 (1)
17727 (1)
17752 (1)
17864 (1)
17889 (1)
17914 (1)
17947 (1)
17951 (1)
17956 (1)
17973 (1)
17979 (1)
18004 (1)
18006 (1)
18022 (1)
18024 (1)
18048 (1)
18065 (1)
18088 (1)
18108 (1)
18127 (1)
18129 (1)
18140 (1)
18161 (1)
18172 (1)
18175 (1)
18177 (1)
18194 (1)
18221 (1)
18227 (1)
18249 (1)
18261 (1)
18275 (1)
18289 (1)
18295 (1)
18296 (1)
18316 (1)
18327 (1)
18360 (1)
18435 (1)
18437 (1)
18449 (1)
18490 (1)
18497 (1)
18549 (1)
18558 (1)
18572 (1)
18573 (1)
18603 (1)
18607 (1)
18632 (1)
18638 (1)
18684 (1)
18691 (1)
18692 (1)
18693 (1)
18705 (1)
18720 (1)
18748 (1)
18781 (1)
18795 (1)
18799 (1)
18802 (1)
18815 (1)
18830 (1)
18870 (1)
18888 (1)
18895 (1)
18897 (1)
18917 (1)
18930 (1)
18937 (1)
18977 (1)
19050 (1)
19061 (1)
19087 (1)
19094 (1)
20147 (1)
20149 (1)
20151 (1)
20154 (1)
20207 (1)
20430 (1)
20444 (1)
20665 (1)
20682 (1)
20685 (1)
20714 (1)
20715 (1)
20721 (1)
